# YOLOv5 Hyperparameter Evolution Results
# Best generation: 3
# Last generation: 9
#    metrics/precision,       metrics/recall,      metrics/mAP_0.5, metrics/mAP_0.5:0.95,         val/box_loss,         val/obj_loss,         val/cls_loss
#              0.91947,              0.62607,              0.69559,               0.4139,              0.03383,             0.018583,            0.0017772

lr0: 0.01146
lrf: 0.01002
momentum: 0.937
weight_decay: 0.00039
warmup_epochs: 2.0892
warmup_momentum: 0.70083
warmup_bias_lr: 0.08648
box: 0.04307
cls: 0.43103
cls_pw: 0.717
obj: 1.328
obj_pw: 1.0309
iou_t: 0.2
anchor_t: 4.3129
fl_gamma: 0.0
hsv_h: 0.01201
hsv_s: 0.67692
hsv_v: 0.52012
degrees: 0.0
translate: 0.13306
scale: 0.49466
shear: 0.0
perspective: 0.0
flipud: 0.0
fliplr: 0.5
mosaic: 1.0
mixup: 0.0
copy_paste: 0.0
anchors: 3.1236
